0.5579404
0.4654242
0.898409
0.87073904
0.84667593
0.7635876
0.77773684
0.74884963
0.45068887
0.82474124
0.78954405
0.61951935
0.7505797
0.5493394
0.77835876
0.67497975
0.78875446
0.7224291
0.54962194
0.52159625
0.8199204
0.85396117
0.77863663
0.7853113
0.7201377
0.71464694
0.49917793
0.80369884
0.81453574
0.5602301
0.7201377
0.5999132
0.75502443
0.7002187
0.7827739
0.6678143
0.6225176
0.4949287
0.70432943
0.9459003
0.59111893
0.42753214
0.6624949
0.68291974
0.49759325
0.9140939
0.45741493
0.61352366
0.5495649
0.80129975
0.7037777
0.89837074
0.44835335
0.52338266
0.73096335
0.6488715
0.7478213
0.9138693
0.6420265
0.5812775
0.8313111
0.93141866
0.5842224
0.9253081
0.9038721
0.6097392
0.9131407
0.6514575
0.59146565
0.86759025
0.9097624
0.9275885
0.535086
0.76280224
0.89747226
0.80643135
0.9272076
0.5488366
0.9484529
0.68483424
0.95647097
0.59496355
0.50915617
0.77454966
0.62378865
0.91331
0.64298904
0.92853194
0.67555684
0.91123587
0.91971904
0.5846077
0.9005582
0.92503744
0.9542265
0.49949768
0.9091561
0.5934471
0.830801
0.94258726
0.36831796
0.8298174
0.69292825
0.8164849
0.91008633
0.3935531
0.94920504
0.80657476
0.9421076
0.6805011
0.7427661
0.9944008
0.9601113
0.61085796
0.9597327
0.78816986
0.9453477
0.60447264
0.8280537
0.85209274
0.9255214
0.7674361
0.8923394
0.97105527
0.6610071
0.93092525
0.976665
0.9454832
0.75844437
0.9107317
0.8422074
0.94112366
0.65957713
0.9477307
0.96467686
0.7992836
0.7706582
0.9112347
0.7372281
0.9285214
0.68045056
0.9602649
0.9800582
0.66065574
0.7960957
0.8028022
0.94831324
0.6181496
0.94673645
0.9697174
0.64743686
0.7253332
0.63824356
0.77786887
0.9220449
0.5803243
0.8538244
0.9699867
0.66087687
0.95997757
0.96610343
0.94132483
0.8037749
0.95592296
0.91356623
0.9447116
0.71330506
0.8089769
0.9317044
0.9377292
0.5628547
0.7193232
0.7305934
0.93130374
0.5783448
0.89507264
0.77336544
0.9355774
0.9243153
0.9047856
0.9769699
0.44700444
0.76071495
0.6776439
0.9578961
0.61958665
0.94953424
0.9153797
0.9648136
0.8561055
0.9334624
0.84508324
0.9243504
0.70547444
0.73652977
0.65348935
0.95882046
